{
  "pipeline_version": "2.0.0",
  "updated_at": "2026-03-03T02:46:43.151077+00:00",
  "season": "2025-26",
  "residualized": true,
  "pca_variance_target": 0.85,
  "pca_components_kept": 8,
  "pca_explained_variance": [
    0.26885240609535305,
    0.16822621852565375,
    0.1139830005754282,
    0.09563263189595715,
    0.09136732731650637,
    0.05963801821191861,
    0.048581932230040856,
    0.04568255582773774,
    0.03348842442536882,
    0.023504938771560423,
    0.016650561267674443,
    0.011768126862242604,
    0.006210546360687866,
    0.005379599894671272,
    0.00421126263264978,
    0.0033563167764945685,
    0.0017901434510655023,
    0.001200143431179753,
    0.00047584544780931434
  ],
  "pca_components": [
    [
      0.009059180508408515,
      -0.08973564971775073,
      0.27609362294759987,
      -0.13711474840010376,
      0.39358117935361187,
      0.12112797405822885,
      0.22472169548127102,
      0.3630265004707521,
      0.4004984018360292,
      0.15549640822778973,
      0.28427117971658783,
      0.057717737931802536,
      -0.04329205205105828,
      0.37232534255221617,
      -0.17133988936162092,
      -0.05042700344796985,
      -0.07361966441616632,
      0.257770270380248,
      -0.17884511845895087
    ],
    [
      0.514842336263992,
      0.23684443707104907,
      0.14365244456578166,
      0.26056652581819134,
      0.04015255461964122,
      -0.10494424520810426,
      -0.06099728043627623,
      0.014967997355230198,
      0.0446435522031486,
      -0.14212300636541017,
      0.08434170853736665,
      -0.13367277167374983,
      -0.44035763525143823,
      0.11761553126191854,
      -0.2536482039031482,
      0.40571444121771344,
      0.18264019313110605,
      -0.1134802902303158,
      0.20890640423962845
    ],
    [
      -0.04643936025670896,
      -0.04790603449784681,
      -0.35305506596089953,
      -0.3079308716358317,
      0.09187961370546509,
      -0.3509048360093491,
      0.4014700573878981,
      0.21138163404692364,
      -0.1534176493163896,
      -0.15463127192862114,
      -0.38027244565853213,
      -0.1744165640434385,
      -0.1322747449159835,
      0.13637313656371045,
      -0.32404349119059744,
      -0.1321270949504764,
      -0.02014508083505047,
      0.06062460258108099,
      0.23136419357386848
    ],
    [
      -0.11543488196936934,
      0.4537572274351842,
      -0.2428264795518558,
      0.30009858714545445,
      0.19443463964275443,
      -0.21245745749593747,
      -0.07455822822195453,
      0.19372743463913678,
      -0.0702923266197888,
      0.376889684715571,
      -0.1944123559108012,
      0.49524045076848944,
      0.03007253923102202,
      0.18961127553060883,
      0.13755922762009598,
      0.10160958111834564,
      -0.07777895598503327,
      0.021022050148083934,
      0.05551224015236786
    ],
    [
      -0.08511586558939842,
      0.37350281837042043,
      -0.057399285773434595,
      -0.15677484454374802,
      -0.027779528576678657,
      0.4625277169827393,
      0.3506418766166728,
      0.018685514934015365,
      0.09737798908249422,
      -0.13753174145391656,
      -0.07903396623957039,
      -0.13385799251489083,
      -0.26574312112889575,
      0.0325751442478061,
      0.37845614457954063,
      0.11769348644814778,
      -0.38242404874722424,
      -0.2396882461092655,
      0.04851485663316287
    ],
    [
      0.06513881808640391,
      -0.2670811305168857,
      0.07350989999457688,
      -0.30594776094006637,
      0.044819400491093044,
      0.09077793274804949,
      0.1419018587475713,
      -0.135179270592731,
      -0.1222251517749204,
      0.1526707630582208,
      0.16294911941029344,
      0.3500046657125926,
      0.06968866215358266,
      -0.09922248068469207,
      0.11635594901251199,
      0.3614022200222614,
      -0.04043366362467227,
      0.18582930069365713,
      0.6280410485867339
    ],
    [
      -0.21593822828028272,
      0.17345488796238584,
      0.03344130124090736,
      -0.25283787444638844,
      0.06582638280786676,
      -0.006611574153114639,
      -0.03614029019081007,
      0.28227572036153054,
      0.0685785949981907,
      0.29098628826039524,
      0.08464752578909304,
      -0.3272859654284317,
      0.1930674513681399,
      -0.054945855927944244,
      0.1295231398671508,
      0.13122695328230735,
      0.5765249507971781,
      -0.3722119927573248,
      0.1549363152666075
    ],
    [
      -0.14011783878663375,
      0.1380277381018924,
      -0.21176451575691194,
      0.17291759257925632,
      0.15036190590082477,
      0.25939802949522295,
      0.009051651680296481,
      0.07860249719017791,
      -0.05968836807757323,
      -0.4934279314447714,
      0.006004075460571967,
      -0.03323872278789188,
      0.11336511072518254,
      0.03800601683363702,
      0.1899326586081176,
      0.11058000571123694,
      0.4213633086749352,
      0.5486025063277321,
      0.033606740500028716
    ],
    [
      -0.07880906448351557,
      -0.08705150395431202,
      -0.00021996329759506496,
      0.02193392816710598,
      0.16413245406267074,
      -0.27946779772057306,
      -0.2615463203317544,
      0.11014910024148629,
      0.09348986087241658,
      -0.36426253949240095,
      0.040837265264647725,
      -0.20135274213540258,
      0.4561562251197319,
      0.23793226799894437,
      0.10144408489542858,
      0.374455967185207,
      -0.40564521038278933,
      -0.17431196565691306,
      0.07987307801145631
    ],
    [
      -0.11607055947580691,
      -0.11603914240005475,
      0.3780224991696637,
      0.058753963487459565,
      -0.17668946007932065,
      0.0694967398046509,
      0.05846476796625871,
      0.09052764485246972,
      0.28620779320846945,
      -0.34995050429697594,
      -0.4212404761337029,
      0.4484478077857199,
      0.05246309341235677,
      0.14314382354613447,
      -0.034283591476221294,
      -0.09969679498286994,
      0.23108775809447712,
      -0.2980908978028382,
      0.139645430205404
    ],
    [
      -0.019281824654147402,
      -0.049702014489410584,
      -0.06397250565132294,
      -0.0457196785685233,
      -0.018606776020391645,
      0.2106451861381333,
      0.2741458993970467,
      -0.028685915469835732,
      -0.1615183891805289,
      0.06001921133391964,
      -0.17360788029905433,
      0.13927383647534455,
      0.2245653766976115,
      -0.13367816923880768,
      -0.3674920202440275,
      0.5793245823824453,
      0.056519867682467306,
      -0.09091667258705527,
      -0.49053454497121496
    ],
    [
      -0.27992190980946585,
      -0.08428191642534233,
      0.33519426461498797,
      0.5519872489401167,
      0.04016133566868262,
      -0.2041576163176387,
      0.4440473847728088,
      0.11930612928468,
      -0.012226170999503742,
      0.0761849461455096,
      -0.004078348038869028,
      -0.2188605285493413,
      0.020681782058002984,
      -0.3804254035142132,
      0.048583906969441405,
      0.05443850185063392,
      -0.10426056608017362,
      0.08585523529102457,
      0.14213768285296635
    ],
    [
      -0.19568256874782256,
      -0.0058347046953131365,
      -0.27433634231595655,
      0.04329035606073792,
      -0.14880283213724896,
      -0.32667054812416557,
      0.3526889807879494,
      -0.2316441135964831,
      0.11975071274109916,
      -0.20637054376707253,
      0.5781695351529819,
      0.24413232913073896,
      -0.08580423566379869,
      0.1354504675299214,
      0.059338182335139385,
      0.016873144569910806,
      0.15846205192310642,
      -0.23938991660084732,
      -0.12203708229240612
    ],
    [
      -0.2415492683939225,
      0.2522324079358416,
      0.1699127417583327,
      -0.12590027646704566,
      0.6614211691331499,
      0.0060992465318222945,
      -0.10512847064118241,
      -0.3973496680642126,
      -0.07926054325662045,
      -0.17692412579725367,
      0.032183233939720134,
      0.09012780923001232,
      -0.0522451973147832,
      -0.24856914268959035,
      -0.2648585425686325,
      -0.13242641582563477,
      -0.006494331401534171,
      -0.159630061964219,
      0.048862541586472796
    ],
    [
      0.012467743607254356,
      -0.15661696966621202,
      0.13592282214882362,
      0.20637059285696682,
      0.14448078945137877,
      0.12007004065892898,
      0.2008493515830758,
      -0.42665369567923694,
      -0.3371291627530627,
      0.18024901487111789,
      -0.12937070219983945,
      -0.20321544497173538,
      0.11037369868603113,
      0.62620892447675,
      0.12913894060228856,
      -0.06270445652295974,
      0.1328991101366871,
      -0.09587129639460776,
      0.02500508144231124
    ],
    [
      0.08614007725886899,
      -0.30727651029209985,
      -0.3888015095273047,
      0.35296771852892583,
      0.19746087942838914,
      0.42645138335840893,
      -0.03043329402560683,
      0.2876152864427406,
      -0.1030469440589608,
      -0.030065277727048454,
      0.18132169948483,
      0.0652025571323424,
      0.06381460278492314,
      -0.06138157350856361,
      -0.20825204889547552,
      -0.1902583459750023,
      -0.05125147976622094,
      -0.36684303197149204,
      0.21130235279731588
    ],
    [
      0.3275739032411356,
      -0.3555600155123312,
      -0.057806831058503115,
      -0.05500485373053167,
      0.42503897445780153,
      -0.20376861065117663,
      0.07064342487015603,
      0.08401666368880195,
      -0.018540801699611198,
      -0.05705935948046236,
      -0.1764879301148297,
      0.09041889290271722,
      -0.18963726997341188,
      -0.1998728766046668,
      0.5359480205517316,
      0.045609257754555474,
      0.1317868127676182,
      -0.1365743433057689,
      -0.285483486425086
    ],
    [
      0.23951111356719845,
      0.03451618040994256,
      -0.30854324099914093,
      0.1119883873235681,
      0.0823556308499563,
      0.02312657046183768,
      0.14483859205336497,
      -0.38661744022962014,
      0.6770634091317171,
      0.16266861828540527,
      -0.2038307100103746,
      -0.12057292214985542,
      0.283056735479327,
      -0.1127949380380579,
      -0.03792542154320191,
      -0.019336282778700052,
      0.04529393590102048,
      0.056527635170694826,
      0.12276193982588456
    ],
    [
      0.5237638330492301,
      0.3561637905046618,
      0.18221169453231556,
      -0.07234598865676699,
      -0.021645855229858537,
      -0.04969977965442206,
      0.29619741196620425,
      0.11435141170369419,
      -0.23641923365013331,
      -0.1331815956794999,
      0.15093188071344266,
      0.0976906287727675,
      0.5060525307899749,
      -0.09599336702918096,
      0.03856904556735613,
      -0.286384661856847,
      -0.009015725857248214,
      -0.04228290271711439,
      -0.0019869574655981747
    ]
  ],
  "pca_feature_names": [
    "OPP_FG3A",
    "OPP_FG3_PCT",
    "OPP_OREB",
    "OPP_AST",
    "STL",
    "BLK",
    "OPP_FTA_RATE",
    "OPP_TOV_PCT",
    "OPP_OREB_PCT",
    "OPP_PTS_OFF_TOV",
    "OPP_PTS_2ND_CHANCE",
    "OPP_PTS_FB",
    "OPP_PTS_PAINT",
    "DEFLECTIONS_PER100",
    "CONTESTED_SHOTS_2PT_PER100",
    "CONTESTED_SHOTS_3PT_PER100",
    "CHARGES_DRAWN_PER100",
    "DEF_LOOSE_BALLS_RECOVERED_PER100",
    "DEF_BOXOUTS_PER100"
  ],
  "pc1_quality_corr": 0.0,
  "dropped_pc1": false,
  "drop_pc1_threshold": 0.6,
  "chosen_k": 4,
  "k_evaluation": [
    {
      "k": 4,
      "inertia": 300.66872884498764,
      "silhouette": 0.14130011519530764,
      "min_size": 5,
      "max_size": 10,
      "balance": 2.0
    },
    {
      "k": 5,
      "inertia": 264.15169140052774,
      "silhouette": 0.14527536933523988,
      "min_size": 3,
      "max_size": 8,
      "balance": 2.67
    },
    {
      "k": 6,
      "inertia": 241.57578630555594,
      "silhouette": 0.1439917324261516,
      "min_size": 2,
      "max_size": 8,
      "balance": 4.0
    },
    {
      "k": 7,
      "inertia": 220.6591193581619,
      "silhouette": 0.14580047558214976,
      "min_size": 2,
      "max_size": 7,
      "balance": 3.5
    },
    {
      "k": 8,
      "inertia": 193.87216959482993,
      "silhouette": 0.15905809688692693,
      "min_size": 2,
      "max_size": 7,
      "balance": 3.5
    }
  ],
  "features_before_pruning": [
    "OPP_FG3A",
    "OPP_FG3_PCT",
    "OPP_FTA",
    "OPP_OREB",
    "OPP_AST",
    "OPP_TOV",
    "STL",
    "BLK",
    "DREB_PCT",
    "OPP_FTA_RATE",
    "OPP_TOV_PCT",
    "OPP_OREB_PCT",
    "OPP_PTS_OFF_TOV",
    "OPP_PTS_2ND_CHANCE",
    "OPP_PTS_FB",
    "OPP_PTS_PAINT",
    "DEFLECTIONS_PER100",
    "CONTESTED_SHOTS_2PT_PER100",
    "CONTESTED_SHOTS_3PT_PER100",
    "CHARGES_DRAWN_PER100",
    "DEF_LOOSE_BALLS_RECOVERED_PER100",
    "DEF_BOXOUTS_PER100",
    "OPP_SHOT_FG3A_FREQ"
  ],
  "features_after_pruning": [
    "OPP_FG3A",
    "OPP_FG3_PCT",
    "OPP_OREB",
    "OPP_AST",
    "STL",
    "BLK",
    "OPP_FTA_RATE",
    "OPP_TOV_PCT",
    "OPP_OREB_PCT",
    "OPP_PTS_OFF_TOV",
    "OPP_PTS_2ND_CHANCE",
    "OPP_PTS_FB",
    "OPP_PTS_PAINT",
    "DEFLECTIONS_PER100",
    "CONTESTED_SHOTS_2PT_PER100",
    "CONTESTED_SHOTS_3PT_PER100",
    "CHARGES_DRAWN_PER100",
    "DEF_LOOSE_BALLS_RECOVERED_PER100",
    "DEF_BOXOUTS_PER100"
  ],
  "dropped_features": [
    "DREB_PCT",
    "OPP_FTA",
    "OPP_SHOT_FG3A_FREQ",
    "OPP_TOV"
  ]
}