{
  "pipeline_version": "2.0.0",
  "updated_at": "2026-03-13T02:05:05.123480+00:00",
  "season": "2017-18",
  "residualized": true,
  "pca_variance_target": 0.85,
  "pca_components_kept": 7,
  "pca_explained_variance": [
    0.26689096594001865,
    0.18826529204760295,
    0.10945342886635209,
    0.10249195356402054,
    0.07575563099520252,
    0.057400448701381376,
    0.0504287232257204,
    0.042170201350251256,
    0.03301562305917525,
    0.021702244617310636,
    0.01771531209095396,
    0.012647013314413955,
    0.009290582286180205,
    0.006198752531617186,
    0.003926823124030484,
    0.001584769465788959,
    0.0010622348199794045
  ],
  "pca_components": [
    [
      0.4110225792643696,
      0.028665820805279334,
      0.33309580016751456,
      -0.2639330247848929,
      -0.1681424819155721,
      0.27619803737431803,
      -0.14406989843379892,
      -0.21729431831558121,
      -0.2075921709191609,
      -0.1031031659600498,
      -0.15209833346022972,
      0.18924848146021078,
      -0.35620129081123203,
      0.3791304049447066,
      0.046804951894660426,
      0.22848379030655114,
      -0.19851100068219912
    ],
    [
      0.0051758166598399585,
      -0.17439248421533626,
      0.02394362302497632,
      0.23916138331305145,
      0.16040840367823261,
      0.3669074789175218,
      0.48279946661849515,
      0.07837968061978096,
      0.4076970587293946,
      0.2154154390312502,
      0.1620583295854178,
      0.42490168643339493,
      -0.09743647934782607,
      0.040943839830232844,
      0.1503974556350654,
      0.23790516535723846,
      -0.048834192708348836
    ],
    [
      -0.151318076433986,
      0.5714767475867301,
      -0.1918478060895297,
      0.28170413841501724,
      0.09553826081218911,
      0.11502798155378006,
      -0.06494490250912215,
      -0.11629531106374115,
      -0.07108641730368771,
      -0.24655691343561845,
      -0.10785087011252949,
      0.23659277667222064,
      0.19452486602155925,
      0.004678503280114911,
      -0.39326183668898923,
      0.3767517267590712,
      -0.16230477104124508
    ],
    [
      0.13585395312601542,
      -0.05537921192284314,
      -0.2839747328682483,
      -0.03219578271047587,
      0.5768980200325652,
      -0.0001279941883749844,
      0.014198373371111406,
      0.31294753991129537,
      -0.08457394476808812,
      0.1144753530278776,
      -0.5570458072081454,
      0.03133851196284604,
      -0.22811722040506877,
      0.14542999119814085,
      -0.12194097728703515,
      -0.1974182510625558,
      -0.08531777017554872
    ],
    [
      -0.2413234755177185,
      0.11083656962130314,
      -0.21574786799602458,
      -0.34510797151318573,
      0.28301929491823147,
      0.19842512924545688,
      -0.02877379770371532,
      -0.42720502519966524,
      -0.04976771121226889,
      -0.09213742982197452,
      -0.10051028930807547,
      0.08172513483008813,
      -0.048506815747653885,
      -0.09518574929632352,
      0.3811267624894654,
      0.10980705750814677,
      0.5143453881089546
    ],
    [
      -0.17544227169494647,
      0.24664129326241163,
      0.22710456985399574,
      0.048900688118733826,
      0.10666564661097275,
      0.17015313208629743,
      0.05190604910186412,
      0.3131656706001921,
      -0.18103172583615487,
      -0.40989203348382974,
      0.042444150865014844,
      0.038812955973987304,
      -0.12187904699142114,
      -0.3020505012963569,
      0.4882183556215133,
      -0.223269528635722,
      -0.33902260416237123
    ],
    [
      -0.02317335689862837,
      0.3471383565099783,
      0.1612862773684484,
      0.30731209097886497,
      -0.11057027774329793,
      0.005002607221975428,
      -0.0360129001720337,
      -0.13598460457333522,
      -0.19595819205401807,
      0.701919842520538,
      -0.2656530219543425,
      -0.10343386299357443,
      0.059171240417043074,
      -0.0501948003252721,
      0.3261086224267338,
      -0.0013675148941628978,
      -0.04163881058330852
    ],
    [
      0.06473324749483553,
      0.30822553132718156,
      0.21383632051064966,
      0.030398239398208758,
      -0.05854325432251681,
      0.2517928011545936,
      0.1013349129617684,
      0.37850434448243786,
      -0.19266936776082932,
      0.021922758766296235,
      0.17521911470030052,
      0.11565838999049637,
      0.054808674008246475,
      0.2664978854466162,
      -0.1908639607879612,
      -0.3037750989027284,
      0.5910847680069949
    ],
    [
      -0.1720558366500242,
      -0.15003041083678678,
      -0.3308776289484236,
      -0.08501774392791202,
      0.014840086715806125,
      0.09875673469121156,
      -0.3592411820684228,
      0.18256017987757875,
      -0.4372991512847772,
      0.31779525746063697,
      0.4571082438158524,
      0.2826696752818032,
      -0.20565065202299243,
      -0.09075997414946349,
      -0.04557851011905284,
      0.0993695805652888,
      -0.12356509542563976
    ],
    [
      -0.11770608023140472,
      -0.059830506386127864,
      -0.09775228543962838,
      -0.26713385587722643,
      -0.04979580562633174,
      0.0008035311789846647,
      -0.11336306114178006,
      0.26248908912088087,
      0.036814880809752176,
      0.018728790785468383,
      -0.08479654093994053,
      0.13444736106653066,
      0.6546428723416639,
      0.4686041133197777,
      0.323249480960014,
      0.09940428059874669,
      -0.1671119890422875
    ],
    [
      0.08429149997096948,
      0.17702561647418397,
      -0.0726739521193281,
      -0.27228572950887947,
      -0.31891862552592304,
      -0.23667491580019326,
      0.03824139989962234,
      0.493426083463214,
      0.15246594083219714,
      0.04185504612086706,
      -0.22079298631712427,
      0.049833744885705356,
      -0.1985301407641174,
      -0.2944367546408679,
      0.07246105815100558,
      0.47758032366645503,
      0.20930503968245157
    ],
    [
      0.12115962153830398,
      -0.062065599462735606,
      -0.15415538764467718,
      0.44467092664382785,
      0.1417162761376602,
      -0.22079187658021007,
      0.06251120128353804,
      0.09466352857096309,
      -0.22241439309817954,
      -0.21094519264240227,
      0.19702878321260175,
      -0.3448469806075112,
      -0.158222130617012,
      0.37113567207956827,
      0.31051488817010076,
      0.3713737802489959,
      0.17161285841429447
    ],
    [
      0.014892894574845423,
      -0.220343457113824,
      0.48574330655344367,
      0.21609014848906233,
      0.29088091116141485,
      -0.38506390319730877,
      -0.3404609092732085,
      0.0012691719029246605,
      -0.03728677054185195,
      -0.05906456053833733,
      -0.08444867622168765,
      0.4649416602026371,
      0.1255550121313273,
      -0.13505364236746872,
      0.02673684524179244,
      0.10637315003719769,
      0.2134698800575098
    ],
    [
      -0.25399552334035436,
      -0.10755195525667992,
      0.24573295894652766,
      -0.2654820879462439,
      0.11429879441701381,
      -0.21347561318108269,
      0.6170791244337929,
      -0.049961599134674406,
      -0.5063583498634003,
      0.06988120284738558,
      -0.01732688789175374,
      -0.02736474330524727,
      0.08907026253253487,
      -0.010358638109637447,
      -0.19109871143520374,
      0.1915580993631479,
      -0.08688681533720506
    ],
    [
      0.3476070214272422,
      0.03020306620072515,
      0.21612034470667874,
      -0.17018902734468086,
      0.4275633294888207,
      0.315569875148739,
      -0.14429942587526226,
      0.11555261092712614,
      0.026989316932699264,
      0.1257270633950989,
      0.2121498014355409,
      -0.4095166245315798,
      0.29102734428985777,
      -0.28072650499604795,
      -0.09086036715742997,
      0.2906036975234422,
      -0.023618323725867696
    ],
    [
      0.14539954568033306,
      0.4776577919364581,
      0.016210896151219314,
      -0.27600162903894565,
      0.28554993508776044,
      -0.47669222842937786,
      0.06517501881150567,
      -0.09038787976428292,
      0.2545201203510923,
      0.1407788562042706,
      0.39848990471607115,
      0.10516681025403665,
      -0.1447302152694958,
      0.18399959651276931,
      0.07020598586766441,
      -0.12635749482333705,
      -0.15139052723788038
    ],
    [
      0.6511420340937468,
      -0.0046300991740414466,
      -0.33133193742826167,
      0.055809289769359435,
      -0.10203066451545047,
      -0.09449524600718626,
      0.23999040164299013,
      -0.11901869162797923,
      -0.2812725612505464,
      -0.08835073241315033,
      0.023503963897353486,
      0.2817088456582848,
      0.2922284722487142,
      -0.27623288515001343,
      0.14359310308005643,
      -0.14801673737503176,
      0.03056465080002601
    ]
  ],
  "pca_feature_names": [
    "OPP_FG3A",
    "OPP_FG3_PCT",
    "OPP_AST",
    "BLK",
    "OPP_FTA_RATE",
    "OPP_TOV_PCT",
    "OPP_OREB_PCT",
    "OPP_PTS_OFF_TOV",
    "OPP_PTS_2ND_CHANCE",
    "OPP_PTS_FB",
    "OPP_PTS_PAINT",
    "DEFLECTIONS_PER100",
    "CONTESTED_SHOTS_2PT_PER100",
    "CONTESTED_SHOTS_3PT_PER100",
    "CHARGES_DRAWN_PER100",
    "DEF_LOOSE_BALLS_RECOVERED_PER100",
    "DEF_BOXOUTS_PER100"
  ],
  "pc1_quality_corr": -0.0,
  "dropped_pc1": false,
  "drop_pc1_threshold": 0.6,
  "chosen_k": 4,
  "k_evaluation": [
    {
      "k": 4,
      "inertia": 251.23299171593615,
      "silhouette": 0.17294300002566723,
      "min_size": 3,
      "max_size": 16,
      "balance": 5.33
    },
    {
      "k": 5,
      "inertia": 212.82333817094016,
      "silhouette": 0.17334932636780578,
      "min_size": 3,
      "max_size": 8,
      "balance": 2.67
    },
    {
      "k": 6,
      "inertia": 188.31048201289414,
      "silhouette": 0.17920320437331005,
      "min_size": 3,
      "max_size": 10,
      "balance": 3.33
    },
    {
      "k": 7,
      "inertia": 163.71365891576008,
      "silhouette": 0.18488054882474503,
      "min_size": 3,
      "max_size": 6,
      "balance": 2.0
    },
    {
      "k": 8,
      "inertia": 154.29041216209285,
      "silhouette": 0.17272824038567564,
      "min_size": 2,
      "max_size": 7,
      "balance": 3.5
    }
  ],
  "features_before_pruning": [
    "OPP_FG3A",
    "OPP_FG3_PCT",
    "OPP_FTA",
    "OPP_OREB",
    "OPP_AST",
    "OPP_TOV",
    "STL",
    "BLK",
    "DREB_PCT",
    "OPP_FTA_RATE",
    "OPP_TOV_PCT",
    "OPP_OREB_PCT",
    "OPP_PTS_OFF_TOV",
    "OPP_PTS_2ND_CHANCE",
    "OPP_PTS_FB",
    "OPP_PTS_PAINT",
    "DEFLECTIONS_PER100",
    "CONTESTED_SHOTS_2PT_PER100",
    "CONTESTED_SHOTS_3PT_PER100",
    "CHARGES_DRAWN_PER100",
    "DEF_LOOSE_BALLS_RECOVERED_PER100",
    "DEF_BOXOUTS_PER100",
    "OPP_SHOT_FG3A_FREQ"
  ],
  "features_after_pruning": [
    "OPP_FG3A",
    "OPP_FG3_PCT",
    "OPP_AST",
    "BLK",
    "OPP_FTA_RATE",
    "OPP_TOV_PCT",
    "OPP_OREB_PCT",
    "OPP_PTS_OFF_TOV",
    "OPP_PTS_2ND_CHANCE",
    "OPP_PTS_FB",
    "OPP_PTS_PAINT",
    "DEFLECTIONS_PER100",
    "CONTESTED_SHOTS_2PT_PER100",
    "CONTESTED_SHOTS_3PT_PER100",
    "CHARGES_DRAWN_PER100",
    "DEF_LOOSE_BALLS_RECOVERED_PER100",
    "DEF_BOXOUTS_PER100"
  ],
  "dropped_features": [
    "DREB_PCT",
    "OPP_FTA",
    "OPP_OREB",
    "OPP_SHOT_FG3A_FREQ",
    "OPP_TOV",
    "STL"
  ],
  "artifact_key": "full",
  "window_type": "full",
  "window_value": ""
}