{
  "pipeline_version": "2.0.0",
  "updated_at": "2026-03-13T02:12:13.700698+00:00",
  "season": "2023-24",
  "residualized": true,
  "pca_variance_target": 0.85,
  "pca_components_kept": 8,
  "pca_explained_variance": [
    0.21826912757363737,
    0.19362674612178477,
    0.1476920844756193,
    0.10530806793741677,
    0.0822306633715529,
    0.05021716972207185,
    0.04512305001439608,
    0.03774470387516763,
    0.0360847890093942,
    0.029182781048170427,
    0.014387281980872395,
    0.012492601114546448,
    0.011222184377017795,
    0.006530030314987413,
    0.006099555250550645,
    0.0024409355084554878,
    0.000984143975294377,
    0.00036408432906431484
  ],
  "pca_components": [
    [
      -0.4122486162024812,
      -0.2099238737033093,
      0.19094612945796471,
      -0.3030548298410952,
      0.2653305076780548,
      0.18722899769406287,
      -0.0405326831829145,
      0.25181692388092736,
      -0.02276153593972233,
      0.17951052879670096,
      -0.02373596903684231,
      0.4208656576083368,
      -0.004137753503061624,
      0.225368223052931,
      -0.34230057560443267,
      -0.23516784214617453,
      0.011816257869659784,
      -0.230902922458986
    ],
    [
      0.20815520062240547,
      -0.09963325703942454,
      0.36113131360696044,
      0.21180209023723584,
      0.15558254043321657,
      -0.040623601012191334,
      0.3027513408271681,
      0.43613441537956926,
      -0.1177724798002678,
      0.3840484705183342,
      0.11670228049925771,
      -0.049235743172319366,
      0.26545232639335314,
      -0.22584171595302874,
      0.10849055771160769,
      0.1525492187816141,
      0.36024934584707735,
      -0.006574866313891301
    ],
    [
      -0.20034717663230728,
      -0.05434796076138284,
      -0.285284130423245,
      -0.1280592583395745,
      -0.25406631092292187,
      0.46371519907850123,
      0.4358300662138511,
      -0.007191742296250923,
      0.12129209036349325,
      -0.2514794897276378,
      -0.07396897246518093,
      0.03770188085178834,
      0.43874629415437005,
      -0.2626354950866412,
      -0.08190263065201979,
      0.153244177795931,
      0.07355835921565435,
      -0.08726479574941182
    ],
    [
      -0.03960306150270421,
      0.3298792295270446,
      -0.052014222930194184,
      0.2802763202697441,
      0.17290309336386214,
      -0.16172437541272752,
      0.04811356455285896,
      -0.016294869079344992,
      0.5152312025413843,
      -0.05919221473731442,
      0.5176635146893763,
      0.0004052523548221223,
      0.06941404836446528,
      -0.11539304879673477,
      -0.2940167658306016,
      -0.12266098708881341,
      -0.03677330021339177,
      -0.30298514551896516
    ],
    [
      -0.054963913682513924,
      0.489513012446013,
      -0.038313795965407516,
      -0.14990281825364213,
      0.4458276360283593,
      0.10222644570940922,
      0.08169852389947999,
      -0.06454700392738161,
      -0.09098328385175562,
      -0.1249428710262473,
      -0.18539605161403255,
      -0.28408017974667965,
      0.18185315762464743,
      0.400273322554173,
      0.23759175067270116,
      -0.012880556981554388,
      0.29411714010647294,
      -0.19491489737342102
    ],
    [
      -0.201543475691947,
      0.27065064068428973,
      -0.011849881593275654,
      -0.09406879938777514,
      -0.0180850748600921,
      -0.09526936932305623,
      0.23598260825411205,
      0.08479502035905977,
      0.16549003312922106,
      0.034918571419752124,
      0.1081144312098403,
      0.2297875546806306,
      -0.24174389666791435,
      0.2480660040573788,
      -0.14187336684502788,
      0.5241344378952861,
      0.1319147309433515,
      0.5287127483249445
    ],
    [
      -0.022968373618631494,
      -0.07548221200949301,
      0.3070560458608717,
      0.2107443524657994,
      -0.05190450133241075,
      0.23099454954172985,
      -0.02159712179162473,
      0.06306173425441476,
      0.156571855024884,
      -0.00407246260831019,
      -0.06293038080296418,
      -0.038016930716375914,
      -0.05598290121255997,
      0.2577458457987022,
      0.2034239164403772,
      0.5246058348868613,
      -0.46622956701211915,
      -0.4013926720047753
    ],
    [
      0.06921242612870243,
      -0.07804677472916173,
      0.016059132587333366,
      -0.147802604876297,
      0.06573469801836215,
      0.3049854700201008,
      0.05876945836839974,
      0.15418155020464164,
      0.597172843676784,
      0.2489569257634646,
      -0.04099291676583888,
      -0.20457491945112719,
      -0.03676296482977868,
      0.07958555491376368,
      0.31475502858178767,
      -0.34407658879451275,
      -0.1713130901890841,
      0.3547289066125859
    ],
    [
      0.037256858109248586,
      -0.2877977485346354,
      -0.03702278013644667,
      -0.4134323846229143,
      0.04069193030606159,
      0.18630958950268098,
      -0.18242663715986784,
      -0.1212670345177839,
      -0.06163223170713421,
      -0.062239125098277746,
      0.6764447916963651,
      -0.15017743476348192,
      -0.12894220076979523,
      0.011415682318190332,
      0.22247825492249837,
      0.20147377062781482,
      0.2373678240398663,
      -0.09024348076131575
    ],
    [
      0.01457712412324983,
      -0.334233655321289,
      -0.3396005796086423,
      0.13441085131132616,
      0.036964540812200464,
      -0.1688881832779341,
      -0.0657392837062667,
      -0.1975124519482731,
      0.39420778345441093,
      0.21974571146789265,
      -0.31071507953264715,
      0.16369951844157274,
      -0.13362808277359067,
      0.06723866773190372,
      0.11502328068600426,
      0.17155909248928883,
      0.46596613716996266,
      -0.2688195569087571
    ],
    [
      -0.14076812399125394,
      0.23418107311195618,
      -0.20243011892658416,
      0.035386853952368166,
      -0.4233416881911179,
      0.17579455653438436,
      0.18082184557118416,
      0.12322369232797468,
      -0.18683704439478058,
      0.4443319091955402,
      0.05038288678223585,
      -0.31929959547888126,
      -0.4261282337940545,
      0.0707554653507935,
      -0.12112092430963878,
      -0.11801612889672322,
      0.07507269407709329,
      -0.25972226125739417
    ],
    [
      -0.08687804348449703,
      -0.08051412950313062,
      -0.24086793176943233,
      0.25488019111279914,
      0.4063794288260701,
      0.09654039667058047,
      0.44684256319574456,
      -0.1029103010465873,
      -0.2319302860951586,
      -0.05213985561352541,
      0.12694997115230733,
      0.282384954736846,
      -0.35540194325430075,
      -0.14255553965200649,
      0.35180948093758646,
      -0.12655472378639118,
      -0.19867819108442328,
      -0.002424392877879761
    ],
    [
      -0.02701762389687511,
      -0.09411994563573485,
      0.1332697910124593,
      0.4722970659892501,
      0.11002804451899564,
      0.5044686489026223,
      -0.24406737238802267,
      0.08922222585469428,
      0.0030356077485857273,
      -0.3401479444333606,
      -0.05927348378075733,
      -0.14007275665669844,
      -0.2789361057864366,
      -0.013659265751934508,
      -0.2334385985992459,
      -0.035613159028906646,
      0.3340226067439877,
      0.17689936405475218
    ],
    [
      0.08317701307307986,
      -0.31951560883110647,
      -0.21944441722391161,
      0.32573211676090547,
      -0.13203439980564527,
      -0.05711550062317358,
      0.16718765329667104,
      -0.010367769752157148,
      -0.13056528241528687,
      0.0006053891544084502,
      0.2458607130571839,
      -0.05027986337157282,
      0.3209097306128799,
      0.6743518711963814,
      -0.09513634545468103,
      -0.14856647771916143,
      -0.03488087583840185,
      0.13372852011344413
    ],
    [
      -0.31217628867751396,
      0.20242827829305968,
      0.1683955966609436,
      0.1664995790036501,
      -0.43095921631518574,
      -0.05441492595042228,
      -0.16338991009855117,
      0.14602171788000978,
      0.02967802044554272,
      -0.16592292741249637,
      0.12164498614450359,
      0.36038509241789074,
      0.06871692721526246,
      0.06446261957266769,
      0.5336432376688623,
      -0.2201942249241734,
      0.22822479055232664,
      -0.03838505677450782
    ],
    [
      -0.15711281679947428,
      0.18525946104199506,
      -0.022147960128811574,
      0.20630261134929098,
      0.08325934718280939,
      0.31529511693950457,
      -0.30222058774477956,
      -0.4835775969604143,
      -0.12409755518539703,
      0.5272394213122392,
      0.09127721976103095,
      0.1519814883071169,
      0.30011081396529726,
      -0.09392351464681445,
      0.01207431986884547,
      0.09327729976112027,
      -0.049406637554736184,
      0.17728053625350584
    ],
    [
      0.4849247497579976,
      0.09669422240009146,
      0.41418652688614094,
      -0.11528241964514005,
      -0.18754731470429453,
      0.1819670266390977,
      0.3204529558357917,
      -0.4489935122418861,
      0.06566168860898156,
      -0.02282889075152484,
      -0.006011590072918098,
      0.2896430296071326,
      -0.13353494486638887,
      0.1424218278806397,
      -0.10602986617219058,
      -0.1693684524377182,
      0.15192427521962928,
      -0.0905541028245774
    ],
    [
      0.5496849176265408,
      0.24105546057913707,
      -0.413366939519775,
      -0.05307984984222407,
      0.009396638580235829,
      0.24395552973487358,
      -0.2644674950732058,
      0.4032718007930727,
      -0.05562851412840612,
      0.025800315203764274,
      0.027695194346029996,
      0.39008292408458783,
      0.02044906426156273,
      0.05667132409916435,
      0.0012069617606958738,
      0.07233464397385207,
      -0.06099109128717218,
      -0.06782246931816943
    ]
  ],
  "pca_feature_names": [
    "OPP_FG3A",
    "OPP_FG3_PCT",
    "OPP_OREB",
    "OPP_AST",
    "BLK",
    "OPP_FTA_RATE",
    "OPP_TOV_PCT",
    "OPP_OREB_PCT",
    "OPP_PTS_OFF_TOV",
    "OPP_PTS_2ND_CHANCE",
    "OPP_PTS_FB",
    "OPP_PTS_PAINT",
    "DEFLECTIONS_PER100",
    "CONTESTED_SHOTS_2PT_PER100",
    "CONTESTED_SHOTS_3PT_PER100",
    "CHARGES_DRAWN_PER100",
    "DEF_LOOSE_BALLS_RECOVERED_PER100",
    "DEF_BOXOUTS_PER100"
  ],
  "pc1_quality_corr": -0.0,
  "dropped_pc1": false,
  "drop_pc1_threshold": 0.6,
  "chosen_k": 4,
  "k_evaluation": [
    {
      "k": 4,
      "inertia": 288.37422175579314,
      "silhouette": 0.15718856860511965,
      "min_size": 5,
      "max_size": 9,
      "balance": 1.8
    },
    {
      "k": 5,
      "inertia": 263.288446450657,
      "silhouette": 0.1272819956393759,
      "min_size": 4,
      "max_size": 7,
      "balance": 1.75
    },
    {
      "k": 6,
      "inertia": 231.7655215198907,
      "silhouette": 0.1549971114387931,
      "min_size": 1,
      "max_size": 9,
      "balance": 9.0
    },
    {
      "k": 7,
      "inertia": 206.07202723728625,
      "silhouette": 0.15335237765673465,
      "min_size": 1,
      "max_size": 7,
      "balance": 7.0
    },
    {
      "k": 8,
      "inertia": 182.29068062593325,
      "silhouette": 0.15485741495426322,
      "min_size": 1,
      "max_size": 7,
      "balance": 7.0
    }
  ],
  "features_before_pruning": [
    "OPP_FG3A",
    "OPP_FG3_PCT",
    "OPP_FTA",
    "OPP_OREB",
    "OPP_AST",
    "OPP_TOV",
    "STL",
    "BLK",
    "DREB_PCT",
    "OPP_FTA_RATE",
    "OPP_TOV_PCT",
    "OPP_OREB_PCT",
    "OPP_PTS_OFF_TOV",
    "OPP_PTS_2ND_CHANCE",
    "OPP_PTS_FB",
    "OPP_PTS_PAINT",
    "DEFLECTIONS_PER100",
    "CONTESTED_SHOTS_2PT_PER100",
    "CONTESTED_SHOTS_3PT_PER100",
    "CHARGES_DRAWN_PER100",
    "DEF_LOOSE_BALLS_RECOVERED_PER100",
    "DEF_BOXOUTS_PER100",
    "OPP_SHOT_FG3A_FREQ"
  ],
  "features_after_pruning": [
    "OPP_FG3A",
    "OPP_FG3_PCT",
    "OPP_OREB",
    "OPP_AST",
    "BLK",
    "OPP_FTA_RATE",
    "OPP_TOV_PCT",
    "OPP_OREB_PCT",
    "OPP_PTS_OFF_TOV",
    "OPP_PTS_2ND_CHANCE",
    "OPP_PTS_FB",
    "OPP_PTS_PAINT",
    "DEFLECTIONS_PER100",
    "CONTESTED_SHOTS_2PT_PER100",
    "CONTESTED_SHOTS_3PT_PER100",
    "CHARGES_DRAWN_PER100",
    "DEF_LOOSE_BALLS_RECOVERED_PER100",
    "DEF_BOXOUTS_PER100"
  ],
  "dropped_features": [
    "DREB_PCT",
    "OPP_FTA",
    "OPP_SHOT_FG3A_FREQ",
    "OPP_TOV",
    "STL"
  ],
  "artifact_key": "full",
  "window_type": "full",
  "window_value": ""
}