{
  "pipeline_version": "2.0.0",
  "updated_at": "2026-03-13T02:08:08.670337+00:00",
  "season": "2019-20",
  "residualized": true,
  "pca_variance_target": 0.85,
  "pca_components_kept": 7,
  "pca_explained_variance": [
    0.20855970434679857,
    0.17392759471850378,
    0.15230468420838914,
    0.12157217605589246,
    0.08494940432727219,
    0.06663229863699517,
    0.053015904258935605,
    0.042327885611127276,
    0.032700979560904925,
    0.022674139019099333,
    0.014073212086222201,
    0.010691426063997951,
    0.008757924490700774,
    0.0031925436963346297,
    0.0026848067394718636,
    0.0010300646790309268,
    0.0009052515003231133
  ],
  "pca_components": [
    [
      0.0448499204233722,
      -0.2443399331385382,
      0.3117268197794166,
      0.25366011657025545,
      -0.08461365916843333,
      0.13864301530570988,
      0.42157322979887085,
      0.44775831218150336,
      0.09103748057168419,
      0.25799503390922446,
      -0.07422731879772618,
      0.19180582983808936,
      -0.28199755270243543,
      0.0899557324429677,
      0.32155209544221,
      0.24890910932971447,
      -0.04540909221176036
    ],
    [
      0.5530477306056115,
      0.09694119475225452,
      0.17245785014985462,
      0.23775764419430978,
      -0.057594763978303654,
      -0.12208756805269529,
      -0.12080263685068227,
      -0.04481370384712762,
      -0.04111103590551696,
      0.17855551901208438,
      -0.08598796541663593,
      -0.3900785608723072,
      0.037338418613945414,
      0.507404968327454,
      0.027618323128682693,
      -0.14640203345885788,
      0.2991127508058294
    ],
    [
      -0.011922848911393998,
      -0.14440063382747023,
      0.40552272570528963,
      -0.19847712863272796,
      0.3321487816693928,
      -0.14970503403832533,
      -0.21986878789915285,
      0.2683914298257943,
      -0.3057188776909043,
      0.43049604194810737,
      0.26562313916775393,
      0.03323780531882254,
      0.2744107142525394,
      -0.10043367756584749,
      -0.09456957092575512,
      -0.20501034439740262,
      -0.18772775575001596
    ],
    [
      0.039416839170003506,
      0.4279596723625591,
      -0.11032278222522285,
      0.040969467924363574,
      0.470613110230976,
      0.3770634843318068,
      0.21204781358396915,
      -0.015658017642045375,
      -0.2101460625520683,
      0.07483956586928235,
      0.10958735498686759,
      -0.3805334184563458,
      -0.08471365824903046,
      0.020709131777594966,
      -0.028877755898065603,
      0.34271326752949366,
      -0.24518405091120044
    ],
    [
      0.13236053708529602,
      0.09712656851782336,
      0.01425633484521668,
      0.5388564524138718,
      0.09883799484860678,
      -0.5274731816691923,
      0.014400748120422323,
      -0.022750778234801334,
      -0.09962160852231147,
      -0.23971699753811923,
      -0.0032386546533135236,
      0.22831208898453745,
      0.028923567645824662,
      0.03889238665979725,
      -0.19410826358950045,
      0.14148069871614197,
      -0.46280245590794455
    ],
    [
      -7.916498497980466e-05,
      0.16061266456324863,
      0.043777773196976295,
      0.09994618712292817,
      0.06423439439916634,
      0.005412770283235456,
      0.018524559809911835,
      0.06039852192391859,
      0.6021831758662747,
      0.05727149792126789,
      0.6793990396478372,
      0.06956931991112038,
      -0.15092649710471046,
      0.0607353337379637,
      -0.2775737071699544,
      -0.06336444934170024,
      0.11955745034393572
    ],
    [
      -0.1464066087543025,
      0.060558487507818476,
      0.10999178756951378,
      -0.1072207395607545,
      -0.17565425218538794,
      0.14378140535888978,
      0.07660152420141246,
      0.18426499608827496,
      0.3704536811447303,
      0.07555183706624607,
      -0.3486108203899086,
      -0.08291693672616819,
      0.5200711233522103,
      0.2653323223552796,
      -0.40094557648374696,
      0.169748729132998,
      -0.24116067180573078
    ],
    [
      -0.10810248402952155,
      0.4405019862649287,
      0.019870529505333846,
      0.00398628912736245,
      -0.1522912524469347,
      -0.23717844362557636,
      0.14523170923774464,
      0.020734076297962048,
      0.06986092575067437,
      0.009260180926707872,
      0.20256792231748044,
      0.00393975610356318,
      0.5074432368678199,
      -0.07074049951267462,
      0.6112430948265642,
      0.06744124294708828,
      0.07878990895797905
    ],
    [
      0.058553939815505426,
      -0.2792330968592781,
      -0.023579586478287364,
      -0.020889599156801112,
      0.34012273648621055,
      -0.2038924789978327,
      -0.2370776076506491,
      -0.20521488962695295,
      0.20908161431683864,
      0.1495300062431979,
      -0.0759844554696826,
      0.040737734247781994,
      0.13165190061497659,
      -0.10517962248513513,
      0.04248632867663759,
      0.6723009091926736,
      0.32609394111800577
    ],
    [
      -0.12706855113035584,
      0.4898651259522268,
      0.3416958861348753,
      0.05430859796055764,
      0.04381832802631659,
      -0.2022512610145722,
      -0.0286988222228084,
      0.14016272545129552,
      0.0853549535727057,
      0.08464641913296843,
      -0.39472678050711385,
      -0.0628510613185551,
      -0.2544602882101935,
      -0.43488988049529603,
      -0.20320856921039038,
      -0.05816922131458225,
      0.2968481260639261
    ],
    [
      -0.04709919170648773,
      -0.018709223210995916,
      -0.29061368072731236,
      -0.032648757331526154,
      0.5942351279175477,
      -0.1421415197653283,
      0.20955770077275898,
      -0.008103067636508995,
      0.323058155378261,
      0.12782319126530736,
      -0.3158423576038893,
      0.1437175466741672,
      0.005518801709934211,
      0.17064419966583386,
      0.1896974847373347,
      -0.4330696432929969,
      -0.028440640035361456
    ],
    [
      0.13339813773719647,
      -0.07065876929095641,
      0.3888704637111422,
      -0.09015508915113747,
      0.11312804144715918,
      0.12437423954735745,
      -0.37635909922274563,
      -0.028222985456078993,
      0.3740495762082458,
      -0.3752836018915107,
      -0.07640958720996004,
      -0.2391903393652065,
      -0.11818814956297784,
      -0.10463322359750508,
      0.3597757247522478,
      -0.048172412794018044,
      -0.3829849466975189
    ],
    [
      -0.14640810779380908,
      0.014877458674476556,
      -0.008726090798756785,
      0.5641518350518152,
      -0.086198612581318,
      0.3901094054176382,
      -0.2726161569813106,
      -0.36463974232479013,
      0.07091659161495487,
      0.42631668071891826,
      -0.07137206200693556,
      0.11802666792288792,
      0.12352213868462579,
      -0.18083836145536125,
      0.0814371933072865,
      -0.15025347400383826,
      -0.10067241122481307
    ],
    [
      0.11625190315550336,
      0.1756482754732618,
      -0.24123620802401768,
      -0.3426185749542922,
      -0.297117592165166,
      -0.2743941223942015,
      -0.1460546504333079,
      -0.11208330731446267,
      0.12067586740247929,
      0.5137883256823106,
      -0.04544379549949304,
      -0.007638522947248323,
      -0.34599696971126237,
      0.044539582884728444,
      0.08462451935727988,
      0.1297197360076162,
      -0.39526492996213997
    ],
    [
      -0.48646002313147707,
      0.21614009293516656,
      0.2826459447520708,
      -0.07645028086192258,
      0.08723068992818356,
      0.016377677590631988,
      -0.23294939686203983,
      -0.17341383693988308,
      -0.14742209490540045,
      -0.06558481495196371,
      -0.008691150401177558,
      0.2896653226090617,
      -0.2083943894659257,
      0.6026686047978437,
      0.07990441870443843,
      0.10276785427485313,
      0.07135639183939604
    ],
    [
      0.3225278200678595,
      0.265719938188009,
      -0.29201653643674513,
      -0.007353490374825892,
      0.0455011067288746,
      0.2589059068054742,
      -0.45242700018280996,
      0.49894809477803287,
      -0.03315848853182241,
      -0.08396594919442266,
      -0.06894670380165922,
      0.4343711067512482,
      0.05132142923773975,
      0.020179093282189753,
      0.04477026485297258,
      0.06712719990929471,
      0.0785224965882429
    ],
    [
      0.47390370876952015,
      0.14926857498479282,
      0.3246999380861628,
      -0.26843119247562564,
      0.02960303200481577,
      0.18213031409189226,
      0.2994468801769348,
      -0.44666398545824515,
      -0.005128834514899462,
      -0.01771435525860504,
      -0.03476407438864238,
      0.4808661934003407,
      0.08889711445192686,
      -0.06901498816469295,
      -0.07911103208341345,
      -0.004647977304839745,
      -0.026400888100651644
    ]
  ],
  "pca_feature_names": [
    "OPP_FG3A",
    "OPP_FG3_PCT",
    "OPP_OREB",
    "OPP_AST",
    "BLK",
    "OPP_FTA_RATE",
    "OPP_TOV_PCT",
    "OPP_OREB_PCT",
    "OPP_PTS_OFF_TOV",
    "OPP_PTS_2ND_CHANCE",
    "OPP_PTS_FB",
    "OPP_PTS_PAINT",
    "CONTESTED_SHOTS_2PT_PER100",
    "CONTESTED_SHOTS_3PT_PER100",
    "CHARGES_DRAWN_PER100",
    "DEF_LOOSE_BALLS_RECOVERED_PER100",
    "DEF_BOXOUTS_PER100"
  ],
  "pc1_quality_corr": 0.0,
  "dropped_pc1": false,
  "drop_pc1_threshold": 0.6,
  "chosen_k": 4,
  "k_evaluation": [
    {
      "k": 4,
      "inertia": 276.8505355596369,
      "silhouette": 0.14786575446461053,
      "min_size": 2,
      "max_size": 12,
      "balance": 6.0
    },
    {
      "k": 5,
      "inertia": 243.6238999406708,
      "silhouette": 0.13154849604314037,
      "min_size": 1,
      "max_size": 8,
      "balance": 8.0
    },
    {
      "k": 6,
      "inertia": 222.16071951626878,
      "silhouette": 0.14105199269161678,
      "min_size": 2,
      "max_size": 9,
      "balance": 4.5
    },
    {
      "k": 7,
      "inertia": 192.8660790418213,
      "silhouette": 0.1457589403832101,
      "min_size": 2,
      "max_size": 6,
      "balance": 3.0
    },
    {
      "k": 8,
      "inertia": 169.77789221852294,
      "silhouette": 0.15910472671061923,
      "min_size": 1,
      "max_size": 7,
      "balance": 7.0
    }
  ],
  "features_before_pruning": [
    "OPP_FG3A",
    "OPP_FG3_PCT",
    "OPP_FTA",
    "OPP_OREB",
    "OPP_AST",
    "OPP_TOV",
    "STL",
    "BLK",
    "DREB_PCT",
    "OPP_FTA_RATE",
    "OPP_TOV_PCT",
    "OPP_OREB_PCT",
    "OPP_PTS_OFF_TOV",
    "OPP_PTS_2ND_CHANCE",
    "OPP_PTS_FB",
    "OPP_PTS_PAINT",
    "DEFLECTIONS_PER100",
    "CONTESTED_SHOTS_2PT_PER100",
    "CONTESTED_SHOTS_3PT_PER100",
    "CHARGES_DRAWN_PER100",
    "DEF_LOOSE_BALLS_RECOVERED_PER100",
    "DEF_BOXOUTS_PER100",
    "OPP_SHOT_FG3A_FREQ"
  ],
  "features_after_pruning": [
    "OPP_FG3A",
    "OPP_FG3_PCT",
    "OPP_OREB",
    "OPP_AST",
    "BLK",
    "OPP_FTA_RATE",
    "OPP_TOV_PCT",
    "OPP_OREB_PCT",
    "OPP_PTS_OFF_TOV",
    "OPP_PTS_2ND_CHANCE",
    "OPP_PTS_FB",
    "OPP_PTS_PAINT",
    "CONTESTED_SHOTS_2PT_PER100",
    "CONTESTED_SHOTS_3PT_PER100",
    "CHARGES_DRAWN_PER100",
    "DEF_LOOSE_BALLS_RECOVERED_PER100",
    "DEF_BOXOUTS_PER100"
  ],
  "dropped_features": [
    "DEFLECTIONS_PER100",
    "DREB_PCT",
    "OPP_FTA",
    "OPP_SHOT_FG3A_FREQ",
    "OPP_TOV",
    "STL"
  ],
  "artifact_key": "full",
  "window_type": "full",
  "window_value": ""
}