{
  "pipeline_version": "2.0.0",
  "updated_at": "2026-03-13T02:06:42.906580+00:00",
  "season": "2018-19",
  "residualized": true,
  "pca_variance_target": 0.85,
  "pca_components_kept": 7,
  "pca_explained_variance": [
    0.2827983759404095,
    0.19653887997925168,
    0.10979268127037829,
    0.08764090726127127,
    0.0824783604725269,
    0.05717048571197328,
    0.04871216123092995,
    0.03777069864853646,
    0.028841233804785153,
    0.023979753311845903,
    0.015051133726527598,
    0.012623190140086562,
    0.006769707207502154,
    0.005332781983969823,
    0.003097909782337652,
    0.0014017395276677777
  ],
  "pca_components": [
    [
      0.05994251831398435,
      0.1669777698192654,
      0.16511748074730848,
      0.2719545509303005,
      0.40438279029538177,
      0.37708809319716163,
      0.15315339598799427,
      0.2515405580081532,
      0.16295191822223234,
      -0.04626616423354944,
      0.38360689055504527,
      -0.2695346033339035,
      0.16914902796614523,
      0.17286641884062512,
      0.37862485501501847,
      -0.15653997821572257
    ],
    [
      0.34900608972594765,
      0.44143794718941765,
      0.011304375846392925,
      -0.35058269299252526,
      -0.01463468049091209,
      -0.1340552563321272,
      -0.34387686850890054,
      -0.005671375137591747,
      -0.11614716506070827,
      -0.35738710138588026,
      -0.03348787274518727,
      0.04057839365962049,
      0.4728861801753962,
      0.21764589882580884,
      0.07232532169042427,
      0.060141891270691146
    ],
    [
      0.34312705599727916,
      -0.1456155388804199,
      0.4818642160198734,
      0.1543133735353073,
      -0.18283895353958693,
      0.0014719012854137723,
      0.34086513132725893,
      0.13800126836603074,
      0.18961850993019266,
      -0.4496254597721097,
      -0.058524732870487664,
      0.32717253864669643,
      0.049872525978643674,
      -0.26280370647421175,
      -0.11564690324913819,
      -0.05362881777531066
    ],
    [
      -0.34863741378519564,
      -0.05017633285188359,
      0.09298778140147765,
      -0.11930458448628398,
      -0.15385794512519518,
      0.2968295724729278,
      -0.08292890865911343,
      0.42512726474352786,
      0.24205163899318313,
      -0.020930026910690534,
      -0.15643503721465987,
      0.21869471442904215,
      0.039723992856166575,
      0.28561638112584964,
      0.04173967530334303,
      0.5808960718109283
    ],
    [
      -0.24163607527463118,
      0.1478393679374903,
      0.012637655848111568,
      0.13677629025680932,
      -0.1582283313925075,
      -0.2558930161975692,
      0.17875267430062586,
      -0.33985102386879035,
      0.5839363238614715,
      -0.2058403101082091,
      -0.2263010041441615,
      -0.3559724894261803,
      0.07129774770896026,
      0.2987343041340285,
      -0.050690434797363085,
      -0.06887591838770696
    ],
    [
      -0.17707069768886763,
      0.12039592047621336,
      -0.20733692408170065,
      -0.03886085616037029,
      -0.07299480097892551,
      0.18647625528283118,
      0.04475984876558775,
      0.5131633614657534,
      -0.03596640766576821,
      -0.02517445474868258,
      -0.3111094970799596,
      -0.16890095207646943,
      0.22896460980437414,
      -0.11967696038695085,
      -0.41536466843271036,
      -0.4875357916567504
    ],
    [
      -0.11123039550747282,
      0.08321273676401704,
      0.6338781443547312,
      -0.041244426940965626,
      -0.25689862987954964,
      -0.021922513326568693,
      -0.1567460594363293,
      -0.010039265894334305,
      -0.1671501341205785,
      0.37110795707021166,
      -0.20032202775956465,
      0.07619616412958803,
      -0.06035941209930813,
      0.27220982623637785,
      0.21781895953447133,
      -0.3863568527226318
    ],
    [
      0.10077194434285036,
      0.022739647454058334,
      -0.3306841179322096,
      0.30635251476200376,
      -0.006683617078397929,
      0.020758536906659318,
      0.3777523820617269,
      -0.046162103090586465,
      -0.30913886791447415,
      -0.06281350200220016,
      -0.14026047493152852,
      0.4006407855331136,
      -0.009683347765413833,
      0.592486140130483,
      0.007824862337291504,
      -0.09963657719690802
    ],
    [
      0.36024931737048543,
      -0.07883512410758492,
      -0.12202320354488316,
      -0.1853686857609587,
      0.20032412735652394,
      0.20231510561082505,
      -0.3107107853254391,
      -0.02718369397298293,
      0.5313942740266369,
      0.12840406059702128,
      -0.002104897788303913,
      0.27741756564998493,
      -0.3205154126066849,
      0.21435929089425282,
      -0.1896192320230313,
      -0.2755812681330364
    ],
    [
      0.029420649990363097,
      0.5138972734730651,
      -0.18470619326521687,
      -0.19401627276088976,
      -0.03672642412302594,
      -0.03855286245652542,
      0.38069663252830027,
      0.021017105568013797,
      0.23720950890058648,
      0.335740038123491,
      -0.1551867248731901,
      0.2840649128619887,
      0.0025078296759226517,
      -0.3405530441330839,
      0.3539497597090595,
      0.007064805939705803
    ],
    [
      -0.2957697902863928,
      0.31322807620210824,
      -0.011976634036833744,
      0.5999736041514175,
      0.05389391399278124,
      -0.019722124253483936,
      -0.4581140162985373,
      -0.10694536256346483,
      0.06977138418092325,
      -0.06800134723988883,
      0.06466808912169564,
      0.390511892549536,
      0.08752944288683637,
      -0.21774130957598503,
      -0.0816265402487343,
      -0.042285420024860486
    ],
    [
      -0.11229739514403449,
      -0.35192594975276786,
      -0.2625607796501764,
      -0.06749856966652136,
      -0.43254175119765464,
      -0.23833561083830865,
      -0.07222086207920829,
      0.16332300754541904,
      0.19158077884494412,
      0.017870933275401738,
      0.45333172681410094,
      0.17594567995334637,
      0.290900436300564,
      0.02891542952358548,
      0.2867817090551498,
      -0.27030482222583385
    ],
    [
      -0.2582350440334703,
      0.31755556306506405,
      0.14922017208495142,
      -0.28438639517547776,
      -0.12831184489094724,
      0.16763502772631372,
      0.24103186207465135,
      -0.19147270991399531,
      -0.057457364925023485,
      -0.00879256314487488,
      0.5809598307149457,
      0.13133627238400203,
      -0.06620860396845439,
      0.10279115707731194,
      -0.46427166701601863,
      -0.03697667290291165
    ],
    [
      0.0019292890773389775,
      -0.28729720467145886,
      0.03512592567251103,
      -0.036514370509122464,
      0.0797287520634802,
      0.4147974396015076,
      0.06644128414579129,
      -0.45641417641593995,
      0.05568673406742224,
      0.2574043574685706,
      -0.14771396270470658,
      0.10831889124325994,
      0.6372432962447153,
      -0.078776301414169,
      -0.0895745335544934,
      0.02299555908895394
    ],
    [
      -0.46287251014662245,
      -0.18238694118075788,
      0.08590871525428734,
      -0.3455084795925273,
      0.5647305081512485,
      -0.19768018538091042,
      0.06712739054520044,
      -0.041431769621190134,
      -0.031283480618769545,
      -0.313559077848021,
      -0.10994452931881651,
      0.2752526795581112,
      0.0008115783685727671,
      -0.02126483764040589,
      0.15926254837299886,
      -0.2203173749407751
    ],
    [
      -0.10664225518976356,
      0.028653168311166665,
      -0.1688145127543025,
      -0.10584013355683387,
      -0.3309612594058441,
      0.5583110502301523,
      -0.10213731297788377,
      -0.2643215529689749,
      -0.10968422676968559,
      -0.42901748946342455,
      -0.10403636729615394,
      -0.058449695409977194,
      -0.2774394936006008,
      -0.12650929301121042,
      0.3385459219573831,
      -0.1692461818780864
    ]
  ],
  "pca_feature_names": [
    "OPP_FG3_PCT",
    "OPP_AST",
    "BLK",
    "OPP_FTA_RATE",
    "OPP_TOV_PCT",
    "OPP_OREB_PCT",
    "OPP_PTS_OFF_TOV",
    "OPP_PTS_2ND_CHANCE",
    "OPP_PTS_FB",
    "OPP_PTS_PAINT",
    "DEFLECTIONS_PER100",
    "CONTESTED_SHOTS_2PT_PER100",
    "CONTESTED_SHOTS_3PT_PER100",
    "CHARGES_DRAWN_PER100",
    "DEF_LOOSE_BALLS_RECOVERED_PER100",
    "DEF_BOXOUTS_PER100"
  ],
  "pc1_quality_corr": 0.0,
  "dropped_pc1": false,
  "drop_pc1_threshold": 0.6,
  "chosen_k": 4,
  "k_evaluation": [
    {
      "k": 4,
      "inertia": 224.77546190321158,
      "silhouette": 0.1747291351388051,
      "min_size": 6,
      "max_size": 9,
      "balance": 1.5
    },
    {
      "k": 5,
      "inertia": 201.30564117087744,
      "silhouette": 0.16445294348039266,
      "min_size": 4,
      "max_size": 9,
      "balance": 2.25
    },
    {
      "k": 6,
      "inertia": 178.0433254094201,
      "silhouette": 0.16814564270768037,
      "min_size": 4,
      "max_size": 6,
      "balance": 1.5
    },
    {
      "k": 7,
      "inertia": 163.79980275410315,
      "silhouette": 0.16006638382128408,
      "min_size": 1,
      "max_size": 7,
      "balance": 7.0
    },
    {
      "k": 8,
      "inertia": 150.1996018953952,
      "silhouette": 0.13416780237746537,
      "min_size": 2,
      "max_size": 5,
      "balance": 2.5
    }
  ],
  "features_before_pruning": [
    "OPP_FG3A",
    "OPP_FG3_PCT",
    "OPP_FTA",
    "OPP_OREB",
    "OPP_AST",
    "OPP_TOV",
    "STL",
    "BLK",
    "DREB_PCT",
    "OPP_FTA_RATE",
    "OPP_TOV_PCT",
    "OPP_OREB_PCT",
    "OPP_PTS_OFF_TOV",
    "OPP_PTS_2ND_CHANCE",
    "OPP_PTS_FB",
    "OPP_PTS_PAINT",
    "DEFLECTIONS_PER100",
    "CONTESTED_SHOTS_2PT_PER100",
    "CONTESTED_SHOTS_3PT_PER100",
    "CHARGES_DRAWN_PER100",
    "DEF_LOOSE_BALLS_RECOVERED_PER100",
    "DEF_BOXOUTS_PER100",
    "OPP_SHOT_FG3A_FREQ"
  ],
  "features_after_pruning": [
    "OPP_FG3_PCT",
    "OPP_AST",
    "BLK",
    "OPP_FTA_RATE",
    "OPP_TOV_PCT",
    "OPP_OREB_PCT",
    "OPP_PTS_OFF_TOV",
    "OPP_PTS_2ND_CHANCE",
    "OPP_PTS_FB",
    "OPP_PTS_PAINT",
    "DEFLECTIONS_PER100",
    "CONTESTED_SHOTS_2PT_PER100",
    "CONTESTED_SHOTS_3PT_PER100",
    "CHARGES_DRAWN_PER100",
    "DEF_LOOSE_BALLS_RECOVERED_PER100",
    "DEF_BOXOUTS_PER100"
  ],
  "dropped_features": [
    "DREB_PCT",
    "OPP_FG3A",
    "OPP_FTA",
    "OPP_OREB",
    "OPP_SHOT_FG3A_FREQ",
    "OPP_TOV",
    "STL"
  ],
  "artifact_key": "full",
  "window_type": "full",
  "window_value": ""
}