{
  "pipeline_version": "2.0.0",
  "updated_at": "2026-03-13T02:00:23.379690+00:00",
  "season": "2024-25",
  "residualized": true,
  "pca_variance_target": 0.85,
  "pca_components_kept": 7,
  "pca_explained_variance": [
    0.20640862324738612,
    0.17505912619633093,
    0.15425315349348212,
    0.10950362564152781,
    0.09907748693627459,
    0.06836680216398434,
    0.04997746872684345,
    0.035761110814296886,
    0.027956546180375193,
    0.01820991266533346,
    0.015833681599189905,
    0.012684441853848687,
    0.00990203025559099,
    0.008007057306775374,
    0.004757506316721008,
    0.0029466829206439473,
    0.0007850897103116692,
    0.0005096539710834658
  ],
  "pca_components": [
    [
      -0.13865108161219664,
      0.19676777896993497,
      0.10798323679841795,
      -0.07129423418068477,
      0.16091863686724525,
      0.3057619238612839,
      0.46887583584275855,
      0.3772872601325946,
      0.019509424617909818,
      0.20318476321399578,
      0.03177964705071957,
      -0.13545186093248307,
      0.40550242875258097,
      -0.0888688762911777,
      0.03334065650476391,
      0.3081150911828248,
      0.30908464232784055,
      -0.13714278523048076
    ],
    [
      0.3902613757147696,
      -0.3225043475479739,
      0.439414586294859,
      0.18271680233173188,
      0.028926734740600247,
      -0.219723959141256,
      -0.16853732136387742,
      0.23112966821986075,
      -0.274230632034176,
      0.3927595698106683,
      0.021980482358901692,
      -0.09127754313666998,
      -0.0365676777926504,
      0.06584316317693918,
      0.25643131837604827,
      0.05962764773650106,
      0.21444959523762624,
      0.1643909829808191
    ],
    [
      -0.271775972555685,
      -0.10899995452573286,
      0.25799753157091376,
      -0.2647668755568408,
      0.3694277081718874,
      -0.031063983776136134,
      -0.10834104089259641,
      0.25890075558301634,
      0.09822484923777391,
      0.2596229859194386,
      0.08111270646993435,
      0.19440981521273012,
      -0.23687900148829438,
      0.30349222114206026,
      -0.32825453759305145,
      -0.23169643556423228,
      -0.10575447479308568,
      -0.34513660979390776
    ],
    [
      0.16956689763349095,
      -0.282474057900383,
      0.019892413952027656,
      0.22949785283254615,
      -0.13301558475870537,
      0.2231837976771638,
      0.010771454054208665,
      0.04549566809582963,
      0.549589541564159,
      0.07865011586365916,
      0.6005691966615734,
      -0.12931468446443586,
      -0.05731559727518655,
      -0.15572044332934978,
      -0.008688436375201466,
      0.05148750355067393,
      -0.19802553958954827,
      -0.1165582040078555
    ],
    [
      -0.013808156615641515,
      -0.03014387679877136,
      -0.06402142845629,
      -0.3785112060875743,
      0.0968520224006251,
      0.31269302473855215,
      -0.06783462854968797,
      -0.022972865154558854,
      0.08327518492153613,
      0.01677781783649619,
      -0.050084896525858145,
      -0.3536073970437298,
      -0.1824510054061857,
      0.48211172487068743,
      0.3625481822832125,
      0.2650653563040207,
      -0.25178395628520833,
      0.27141418750157353
    ],
    [
      -0.3002711860840508,
      -0.0769451247232127,
      0.15040749706200396,
      -0.07189493558800505,
      -0.44348508393571634,
      -0.10481171604571116,
      0.07604199040068045,
      0.23029260899921392,
      -0.06294460945576592,
      -0.06297378744756013,
      0.1852700185927889,
      0.5302755781404263,
      -0.0007227242782417839,
      0.11608545558688624,
      -0.046016944853037006,
      0.3756015943195453,
      -0.14749364645568758,
      0.32828957008427545
    ],
    [
      0.08406798550435242,
      0.5474952211173029,
      0.21021501408897666,
      0.052031211050522504,
      -0.07957844034733888,
      -0.34079418629471886,
      -0.02052149094799493,
      0.027392848539862166,
      0.004322731814612727,
      -0.11376378251388733,
      0.3469782771020714,
      -0.3996709554315138,
      0.014268118382136314,
      0.27063552236399147,
      -0.3547755507453728,
      0.012691145238568432,
      0.02829771927226475,
      0.17109262987301002
    ],
    [
      -0.18829800986318732,
      0.10102164018441567,
      -0.14867047219251184,
      0.633063708043091,
      0.24168776703197067,
      -0.22176214243348966,
      0.04771842037279262,
      -0.028593716829615517,
      -0.04149284963118291,
      -0.003311258538425435,
      -0.015171458109009656,
      0.07084870713320955,
      -0.01224673271180564,
      0.3272869092907601,
      0.2682560142745535,
      0.30178297015748135,
      -0.21525722980654546,
      -0.3117064082758586
    ],
    [
      -0.06560724997045006,
      -0.025875011045448683,
      -0.1118475523322401,
      -0.012549401854440404,
      0.455016333774378,
      -0.13316122864983498,
      0.0510418615226675,
      -0.030871043881985794,
      0.2455219381764981,
      -0.2578752160051781,
      0.2993652600599297,
      0.2638494809271025,
      -0.04813707204633324,
      0.08941174181433681,
      0.2529528436688773,
      -0.1503569555634594,
      0.4895266740711023,
      0.3625901633043068
    ],
    [
      0.20004468790639848,
      -0.23437476777043717,
      -0.15139841528650538,
      -0.09296749235366943,
      0.19969130110715488,
      -0.16520346056295548,
      0.19502605042939034,
      0.1203174821452573,
      -0.14554245472469535,
      -0.08175445935852337,
      0.11390753878170629,
      0.03263627150355844,
      0.6124848047227276,
      0.1486774702388509,
      -0.04253261408913013,
      -0.27340230997280995,
      -0.46398388447832883,
      0.15105605370870218
    ],
    [
      -0.0020859666305133276,
      -0.049050188987871876,
      -0.04324629922051996,
      0.16615040696910865,
      -0.4017426977829423,
      0.0032278218792326906,
      0.08935256362344009,
      -0.015514563729603558,
      0.4455907360878655,
      0.1974965232096512,
      -0.33933750460728923,
      0.035461103255025175,
      0.2165186350617377,
      0.49176134592576554,
      -0.017614277293081654,
      -0.3066256331537915,
      0.2455907636558783,
      0.03411763498088061
    ],
    [
      -0.05566859855461807,
      0.24830973472429535,
      -0.1698709791791056,
      0.30006856398016307,
      0.17817036602438893,
      0.38705816829387735,
      -0.14267902842312516,
      -0.13177182829806436,
      -0.12558875259122074,
      0.5193622004529601,
      0.06122319447444491,
      0.17020510069932368,
      0.005799519622563976,
      -0.039173103144995884,
      -0.22460812167065208,
      -0.09933639672173322,
      -0.11319368169795047,
      0.451819626988377
    ],
    [
      0.33286656822806604,
      -0.08805279754865845,
      -0.27017968143405,
      -0.23936135868065014,
      0.14923239186995846,
      -0.2571587561377897,
      -0.13145208038128936,
      -0.2571884896926206,
      0.21314699021369207,
      0.2311918604999476,
      -0.0725391710843725,
      0.15359207852357784,
      0.14146580802633374,
      0.05007251899039643,
      -0.325771800772853,
      0.5488695946882439,
      0.13013542999412933,
      -0.0689579363555557
    ],
    [
      0.029778455384422833,
      0.26859801603589595,
      -0.3462255642452696,
      -0.29562570637563607,
      -0.2619653498792994,
      -0.17518033142994055,
      0.020039004238658713,
      -0.04524488469895709,
      -0.17703347799689195,
      0.4007931845196362,
      0.38029854364802124,
      0.11536769723637859,
      -0.020312069370413077,
      0.026306227041596814,
      0.39520631429363373,
      -0.19255854248753998,
      0.05436427953154744,
      -0.26589355520513136
    ],
    [
      -0.2631660298916658,
      0.05598879142220153,
      0.4572679366723426,
      -0.0811405240437014,
      0.018636061331807157,
      0.09126705611566056,
      -0.39365216220068,
      -0.48149390225385497,
      0.05002091535933899,
      0.0005534320672114725,
      0.12029047811769464,
      0.05315769823529939,
      0.495425936234545,
      -0.011414609615550455,
      0.19266450206463143,
      0.02932738092721281,
      0.006171766724065524,
      -0.11429294887160961
    ],
    [
      0.0740913929690067,
      0.33670978119128303,
      0.255873709869636,
      -0.09373383767831918,
      0.129463363102072,
      -0.30390472129458546,
      0.17161473235027158,
      0.03862832955772588,
      0.44595902486094674,
      0.19508343677953574,
      -0.28210990504788575,
      0.11211442160206217,
      -0.08036524757985979,
      -0.3316599034869006,
      0.2621049603781292,
      -0.03761824287314105,
      -0.35508186200419833,
      0.15833577549392516
    ],
    [
      0.4578752660815847,
      0.3574723707949344,
      0.0012692336209552818,
      0.016843418827252432,
      0.0020879303983983993,
      0.2975223477138501,
      -0.41538523550357104,
      0.3915628273150593,
      0.062405371443588466,
      -0.2734441908500871,
      -0.053850961993221494,
      0.33311724432152245,
      0.10082354228253673,
      0.09839945870342601,
      0.09042984164513346,
      0.005508123757584631,
      -0.026249404602984534,
      -0.16312644518256686
    ],
    [
      0.38661571722488447,
      0.07041028977251257,
      0.31888509941454385,
      -0.0074121682237045655,
      0.0150495821362562,
      0.22912634657229308,
      0.5321591418171574,
      -0.4383226084486706,
      -0.14915529369245392,
      -0.06946767766156561,
      0.0738197902259991,
      0.2892149576114207,
      -0.18527453235492775,
      0.22061107070284894,
      -0.032471765238635666,
      -0.02683242373425445,
      -0.032372229948260695,
      -0.1174590646533198
    ]
  ],
  "pca_feature_names": [
    "OPP_FG3A",
    "OPP_FG3_PCT",
    "OPP_OREB",
    "OPP_AST",
    "BLK",
    "OPP_FTA_RATE",
    "OPP_TOV_PCT",
    "OPP_OREB_PCT",
    "OPP_PTS_OFF_TOV",
    "OPP_PTS_2ND_CHANCE",
    "OPP_PTS_FB",
    "OPP_PTS_PAINT",
    "DEFLECTIONS_PER100",
    "CONTESTED_SHOTS_2PT_PER100",
    "CONTESTED_SHOTS_3PT_PER100",
    "CHARGES_DRAWN_PER100",
    "DEF_LOOSE_BALLS_RECOVERED_PER100",
    "DEF_BOXOUTS_PER100"
  ],
  "pc1_quality_corr": 0.0,
  "dropped_pc1": false,
  "drop_pc1_threshold": 0.6,
  "chosen_k": 4,
  "k_evaluation": [
    {
      "k": 4,
      "inertia": 279.56016853174117,
      "silhouette": 0.14268871828019858,
      "min_size": 4,
      "max_size": 11,
      "balance": 2.75
    },
    {
      "k": 5,
      "inertia": 247.99299772270868,
      "silhouette": 0.1286267516133491,
      "min_size": 2,
      "max_size": 11,
      "balance": 5.5
    },
    {
      "k": 6,
      "inertia": 231.99709538182574,
      "silhouette": 0.1305072225930342,
      "min_size": 1,
      "max_size": 9,
      "balance": 9.0
    },
    {
      "k": 7,
      "inertia": 200.2911011425642,
      "silhouette": 0.1462652002627904,
      "min_size": 1,
      "max_size": 9,
      "balance": 9.0
    },
    {
      "k": 8,
      "inertia": 181.51578792000294,
      "silhouette": 0.13801887243036537,
      "min_size": 1,
      "max_size": 8,
      "balance": 8.0
    }
  ],
  "features_before_pruning": [
    "OPP_FG3A",
    "OPP_FG3_PCT",
    "OPP_FTA",
    "OPP_OREB",
    "OPP_AST",
    "OPP_TOV",
    "STL",
    "BLK",
    "DREB_PCT",
    "OPP_FTA_RATE",
    "OPP_TOV_PCT",
    "OPP_OREB_PCT",
    "OPP_PTS_OFF_TOV",
    "OPP_PTS_2ND_CHANCE",
    "OPP_PTS_FB",
    "OPP_PTS_PAINT",
    "DEFLECTIONS_PER100",
    "CONTESTED_SHOTS_2PT_PER100",
    "CONTESTED_SHOTS_3PT_PER100",
    "CHARGES_DRAWN_PER100",
    "DEF_LOOSE_BALLS_RECOVERED_PER100",
    "DEF_BOXOUTS_PER100",
    "OPP_SHOT_FG3A_FREQ"
  ],
  "features_after_pruning": [
    "OPP_FG3A",
    "OPP_FG3_PCT",
    "OPP_OREB",
    "OPP_AST",
    "BLK",
    "OPP_FTA_RATE",
    "OPP_TOV_PCT",
    "OPP_OREB_PCT",
    "OPP_PTS_OFF_TOV",
    "OPP_PTS_2ND_CHANCE",
    "OPP_PTS_FB",
    "OPP_PTS_PAINT",
    "DEFLECTIONS_PER100",
    "CONTESTED_SHOTS_2PT_PER100",
    "CONTESTED_SHOTS_3PT_PER100",
    "CHARGES_DRAWN_PER100",
    "DEF_LOOSE_BALLS_RECOVERED_PER100",
    "DEF_BOXOUTS_PER100"
  ],
  "dropped_features": [
    "DREB_PCT",
    "OPP_FTA",
    "OPP_SHOT_FG3A_FREQ",
    "OPP_TOV",
    "STL"
  ],
  "artifact_key": "full",
  "window_type": "full",
  "window_value": ""
}